1,5,65,3,87,56,45,127,200
43,2,27,60,61,126,168
4,26,29,85,102,164,192
23,28,58,59,121,122
7,22,57,83,84,161,202
25,30,62,100,128,199
6,21,82,99,120,171,221
31,63,64,118,158,203,204
20,32,81,97,132,205
10,55,86,103,155,220
33,67,79,80,144,196
19,54,70,110,136,206
8,34,78,35,139,173
9,51,52,53,116,174,175,176,184,185
36,71,72,95,140,207
17,73,87,106,154,213
12,50,77,74,141,208,209
37,49,88,111,152,211
11,38,89,90,147,177
40,47,48,113,150,178,179
15,42,75,76,115,182,225
41,46,91,92,93,180,181
14,16,44,94,148,183,229,230